1530461
2076941
1420791
2076921
2076951
2113381
4253441
6719571
6719581
6720811
1612871
1571101
1530481
1878311
1529821
1529811
1529801
1529841
1545621
1547671
1529851
1530511
1588061
1530501
1529871
1547701
1547661
1545611
1529861
1547651
1529881
1530521
1596001
1529891
1545641
1547691
1545631
1530531
1545601
1545591
1529941
1588021
1588001
1545711
1529951
1587981
1547751
1545721
1529991
1587961
1547721
1545731
1530001
1530011
1530031
1545681
1530021
1530041
1545691
1530061
1530081
1530091
1530121
1530101
1530111
1587891
1530131
1530151
1530181
1587871
1530171
1588041
1547741
1529931
1546071
1529961
1529971
1529981
1545651
1545661
1545671
1530071
1530051
1545741
1587941
1545701
1530141
1530161
1547731
1587851
1529921
431431
1529901
1530541
1588081
1530551
1529911
1547681
1530361
1530581
1530211
1530321
1530201
1530301
1530651
1530251
1532801
1530671
1530641
1530631
1530291
1530311
1530261
1530341
1530331
1530241
1530621
1530231
1530601
1530281
1630401
1530271
1532811
1530611
1530221
1530591
1530191
1530561
1530571
1530661
1530391
1530371
1530351
1530381
1530401
1530681
1564411
1560231
1612911
1612631
1560201
1564401
1564311
1564381
1564341
1564421
1564371
1616371
1560191
640601
1560221
1560181
1560171
1560161
1612691
1560211
1560151
1564321
1564391
1613371
1613301
1564331
1560141
1564431
1560131
1612711
1616381
1730241
1564451
1612741
1613291
1613381
1612751
1612761
1613281
1613271
1612771
1612791
1620491
1613491
1612801
1612821
1612831
1613261
1612881
1612411
1612371
1612321
1613241
1613471
1613251
1612311
1613201
1620541
1613051
1612901
1612281
1620511
1612261
1613481
1612111
1530411
1530431
1530421
1530761
1531031
1530971
1530771
1530751
1531001
1531011
1530721
1530981
1530741
1530991
1530731
1530711
1530701
1530491
1530441
1530471
1530451
1530691
1530811
1530791
1531021
1530801
1530851
1530861
1531071
1531081
1530891
1530901
1530881
1531111
1531091
1531101
1530781
1530821
1530831
1531041
1530841
1531061
1531051
1530911
1530871
1620521
1620561
1620611
1678001
1620811
1620961
1621201
1620581
1620621
1620661
1620821
1620741
1621171
1620691
1621161
1621121
1628791
1140911
1140921
1140931
1140941
1642871
1642891
1628811
1621061
1621071
1620651
1621381
1676761
1628821
1628781
1620601
1612091
1530921
1530951
1531121
1530961
1241581
1241591
1241601
1654731
1241621
1241631
1241641
1241651
1241661
1241671
1241681
1241691
1245121
1245131
1245181
1245191
1245201
1245211
1245221
1245231
1245241
1245251
1252131
1446931
1329821
1329851
1329861
1329871
1329881
1329891
1329901
1329911
1329931
1329921
1329941
1329951
1329961
1329971
1329981
1530941
1530931
1330051
1330061
1331571
1331581
1346241
1346281
1346301
1346641
1346761
1346771
1346811
1346801
1346821
1346841
1346861
1346891
1346881
1346911
1346941
1346981
1346961
1347101
1347581
1348211
1348231
1348241
1348251
1348261
1348271
1348281
1348291
1348301
1348311
1348321
1348331
1348581
1370111
1370221
1370341
1370521
1370701
1370771
1370851
1370911
1430861
1528461
1528481
1528491
1528501
1528511
1528521
1528531
1528551
1528561
1528581
1528591
1528601
1528611
1588771
1589371
1589411
1593521
1593581
1593631
1593701
1593741
1593771
1593931
1595551
1595581
1595601
1595631
1595651
1595791
1595801
1596241
1596601
1596651
1624121
1624131
1624141
1624151
1624161
1624171
1624201
1624251
1624301
1624321
1624381
1624401
1624461
1624511
1624561
1624601
1651951
1651961
1651971
1652001
1652071
1656901
1677971
1967721
1967731
2005831
2006181
2006191
2038941
2068081
2110431
2110481
2110511
2110771
2110801
2110811
2110831
2110851
2111711
2111721
2111731
2111741
2111751
2111761
2111771
2111781
2111791
2111801
2111811
2111821
2111831
2111841
2112931
2112941
2112951
2112961
2112971
2112981
2112991
2113001
2113011
2113021
2113051
2113061
2113071
2113081
2113091
2113101
2113111
2113121
2113131
2113151
2113161
2113171
2113181
2113191
2113201
2113211
2113221
2113231
2113241
2113251
2113261
2113271
2113281
2113291
2113301
2113311
2113321
2113331
2113341
2113351
2113361
2113371
2113391
2113401
2113411
2113421
2113431
2113441
2116481
2125941
2127091
2127181
2127191
2168261
2168251
2168241
2168231
2163991
2164051
2164041
2164081
2164061
2164091
2164521
2164561
2164541
2164531
2164551
2164571
2164581
2164601
2164591
2164611
2164621
2164631
2164641
2164661
2164651
2164671
2164691
2164681
2165411
2165421
2165531
2165541
2173251
2173261
2173271
2173351
2173361
2173371
3511831
3511931
3511961
3511991
3512061
3512131
3512141
3512151
3512161
3512181
3512191
3512201
3512211
3512221
3512481
3515031
3515041
3515051
3515061
3970591
3970611
4720601
4720611
4720621
4720631
4720641
4720651
4720661
4720671
4720681
4720691
4720701
4720711
4720721
4720731
4720741
4720751
4720761
4720771
4720781
4720791
4720801
4720811
4720821
4720831
4720841
4720851
4720861
4720871
4720881
4720891
4720901
4720911
4720921
5378831
5378841
5378851
5378861
5378871
5378881
5378891
5378901
5378911
5378921
5378931
5378941
5378951
5378961
5378971
5378981
5378991
5379001
5379011
5379021
5379031
5379041
5379051
5379061
5379071
5379081
5379091
5379101
5379111
5379121
5379131
5379141
5379151
5379161
5379171
5380711
5416011
5416021
5416031
5416041
5416051
5416061
6654921
6719761
6719771
6719781
6719791
6719801
6719811
6719821
6719831
6719841
6719851
6719861
6719871
6719881
6719891
6719901
6719911
6719921
6719931
6719941
6719951
6719961
6719971
6720011
6720041
6779911
6779901
